7
0.0  1.000000
0.3  1.349859
0.6  1.822119
0.9  2.459603
1.2  3.320117
1.6  4.953032
2.0  7.389056
0.0  2.0  1e-7
∫₀² eˣ dx = e² - 1 ≈ 6.389056

9
0.0000  0.000000
0.3927  0.382683
0.7854  0.707107
1.1781  0.923880
1.5708  1.000000
1.9635  0.923880
2.3562  0.707107
2.7489  0.382683
3.1416  0.000000
0.0  3.14159265  1e-6
∫₀^π sin(x) dx = 2.000000

7
0.0  0.0000
0.5  0.2500
1.0  1.0000
1.5  2.2500
2.0  4.0000
2.5  6.2500
3.0  9.0000
0.0  3.0  1e-8
∫₀³ x² dx = 9.000000

7
1.0  1.000000
1.5  1.224745
2.0  1.414214
2.5  1.581139
3.0  1.732051
3.5  1.870829
4.0  2.000000
1.0  4.0  1e-6
∫₁⁴ √x dx = [2/3·x^{3/2}]₁⁴ = 14/3 ≈ 4.666667
